$ 1 0.000005 0.2954511527092107 50 7 50
O 304 128 352 128 0 0
165 144 64 160 64 6 7.710609929937783
w 272 128 304 128 0
v 48 272 48 32 0 0 40 9 0 0 0.5
w 48 32 112 32 0
w 208 32 272 32 0
w 272 32 272 96 0
w 48 272 112 272 0
w 240 224 240 272 0
w 304 272 240 272 0
w 304 128 304 0 0
l 144 0 304 0 0 0.003 0
w 80 192 112 192 0
w 112 192 144 192 0
w 144 160 144 192 0
209 112 192 112 272 0 4.6999999999999995e-7 -4.108186492133599 1000
209 144 0 80 0 0 0.0000047 13.325154588463032 100
r 304 128 304 272 0 10000
r 112 32 112 96 0 10000
w 112 96 144 96 0
w 112 32 208 32 0
r 112 96 112 192 0 10000
w 80 192 80 0 0
w 240 272 112 272 0
o 0 1 0 4355 20 0.1 0 1

