30 1 4 3 7 5 4 8 2 17 4 5 6 2 7 4 9 18 7 3 6 27 34 36 9 6 2 4 7 8 1 
40
40
10
17
28
22
7
47
32
18
10
19
39
49
43
45
19
39
43
33
27
13
3
3
25
33
22
20
27
27
7
6
49
5
23
5
13
34
46
49
27
0
24
13
32
38
20
41
20
31
21
23
47
18
6
3
18
29
9
0
27
44
41
31
2
36
5
3
31
24
3
33
10
33
18
36
30
9
12
20
25
3
37
2
46
14
45
46
43
49
16
24
20
42
46
41
38
46
47
21
43
13
7
5
19
4
2
46
21
12
36
47
47
17
30
28
5
11
47
48
22
2
8
24
24
29
25
9
49
11
40
14
28
37
0
11
40
42
43
37
39
47
19
22
23
42
16
9
8
11
26
46
40
29
4
29
25
2
13
4
20
1
8
3
46
17
33
2
24
14
41
29
9
2
19
23
27
10
4
36
11
10
18
7
24
36
8
17
35
25
19
36
14
36
33
20
5
37
17
10
14
40
32
38
40
14
21
21
20
44
37
41
20
26
17
28
37
38
44
48
2
27
29
20
43
27
4
29
4
37
11
16
21
4
33
0
5
33
15
35
43
29
26
3
4
46
5
33
21
37
48
9
24
11
7
8
