20 120 15 19 4
7
7
2
2
3
4
2
0
9
9
6
6
2
7
2
6
8
2
5
2
13 1 2
11 3 1
10 17 7
2 19 8
18 5 16
19 10 16
10 3 18
13 12 5
14 2 17
19 13 0
4 3 14
9 5 3
19 2 19
6 15 18
18 19 6
4 9 1
1 4 1
14 18 8
5 10 11
11 12 4
15 7 2
1 15 14
9 10 13
14 10 11
6 12 1
13 7 5
11 7 13
9 11 13
10 10 3
6 6 8
17 8 9
19 12 2
14 17 19
14 4 4
16 16 17
1 9 13
4 8 6
10 9 5
8 0 3
8 13 16
2 9 8
11 10 8
12 12 1
16 13 4
7 8 13
6 11 4
14 12 4
6 17 8
0 10 19
15 8 1
0 2 5
5 15 3
18 3 13
13 5 9
12 13 18
9 3 16
15 19 14
2 16 6
14 13 14
7 3 10
11 5 9
3 6 14
9 9 16
6 8 10
11 13 18
4 14 9
18 6 2
12 15 5
9 17 0
5 1 1
6 18 4
16 11 5
9 19 11
1 13 3
13 13 16
17 11 4
3 3 19
16 3 11
18 9 14
6 0 13
12 8 12
18 12 17
18 4 7
5 11 0
3 13 1
1 7 2
12 2 1
11 11 13
10 8 11
2 14 6
9 2 7
4 12 16
7 7 1
3 15 14
15 9 5
12 16 8
19 4 0
5 18 8
10 5 12
15 18 3
15 12 10
10 11 3
19 18 10
1 16 9
14 1 0
6 2 13
15 0 11
19 6 0
15 11 4
10 12 5
8 10 16
3 4 7
18 11 4
7 11 13
2 5 19
18 0 16
11 9 14
13 11 5
19 15 13
7 0 14
