100
4 0.63
3 6.28
4 9.11
3 6.98
3 6.96
4 3.21
3 3.15
3 2.18
0 5.91
3 2.72
3 4.63
3 1.06
4 1.70
1 1.58
3 0.43
4 8.73
4 4.93
2 8.51
4 6.16
0 4.92
0 7.82
0 6.78
4 6.67
2 8.40
4 7.85
4 4.44
0 1.14
2 1.05
3 4.30
1 5.94
3 9.93
3 7.41
0 0.10
3 4.50
2 4.63
2 5.17
3 3.61
3 7.31
4 6.15
4 7.92
1 2.17
1 2.05
0 0.23
3 8.94
0 0.14
3 7.52
4 5.93
3 1.10
1 5.82
1 9.53
2 5.70
1 6.73
3 8.08
4 8.19
2 5.89
3 7.88
0 5.29
2 8.58
0 5.67
0 8.28
2 9.60
0 2.73
2 5.63
0 4.57
4 6.41
3 3.63
0 4.93
2 7.36
3 5.54
3 9.22
0 7.48
3 8.48
1 0.82
1 1.66
1 3.71
4 8.62
1 0.92
0 1.04
0 9.08
1 0.41
4 4.61
3 7.18
0 5.14
1 7.27
3 7.72
1 0.26
0 4.95
0 3.95
3 2.68
2 9.99
0 2.57
4 2.08
0 7.43
3 3.56
4 3.43
2 0.36
1 1.74
0 1.15
0 2.40
1 8.23
